FOUND 6-SET lines: 0  verify failures: 0
5-sets: 1374180  primitive: 404661  (four smallest sum < 1e+12)
largest a1 among 5-sets: 14607777092130450
cumulative primitive 5-sets with a1 < 2^b (complete only for 2^b <= X/4): <2^20:2 <2^21:5 <2^22:22 <2^23:46 <2^24:86 <2^25:180 <2^26:325 <2^27:621 <2^28:1122 <2^29:1958 <2^30:3220 <2^31:5356 <2^32:8825 <2^33:14401 <2^34:23005 <2^35:36396 <2^36:57280 <2^37:88957
pseudo-solutions (six numbers, 14 of 15 sums square): raw 3873, primitive 427
  [9122, 104447, 208034, 348482, 1295042, 2307362] fails (348482, 2307362) T_square=True scales=[1, 2, 3, 4, 5, 6, 7, 8, 9, 10, 11, 12, 13, 14, 15, 16, 17, 18, 19, 20, 21, 22, 23, 24, 25, 26, 27, 28, 29, 30, 31, 32, 33, 34, 35, 36, 37, 38, 39, 40, 41, 42, 43, 44, 45, 46, 47, 48, 49, 50, 51, 52, 53, 54, 55, 56, 57, 58, 59, 60, 61, 62, 63, 64, 65, 66, 67, 68, 69, 70, 71, 72, 73, 74, 75, 76, 77, 78, 79, 80, 81, 82, 83, 84, 85, 86, 87, 88, 89, 90, 91, 92, 93, 94, 95, 96, 97, 98, 99, 100, 101, 102, 103, 104, 105, 106, 107, 108, 109, 110, 111, 112, 113, 114, 115, 116, 117, 118, 119, 120, 121, 122, 123, 124, 125, 126, 127, 128, 129, 130, 131, 132, 133, 134, 135, 136, 137, 138, 139, 140, 141, 142, 143, 144, 145, 146, 147, 148, 149, 150, 151, 152, 153, 154, 155, 156, 157, 158, 159, 160, 161, 162, 163, 164, 165, 166, 167, 168, 169, 170, 171, 172, 173, 174, 175, 176, 177, 178, 179, 180, 181, 182, 183, 184, 185, 186, 187, 188, 189, 190, 191, 192, 193, 194, 195, 196, 197, 198, 199, 200, 201, 202, 203, 204, 205, 206, 207, 208, 209, 210, 211, 212, 213, 214, 215, 216, 217, 218, 219, 220, 221, 222, 223, 224, 225, 226, 227, 228, 229, 230, 231, 232, 233, 234, 235, 236, 237, 238, 239, 240, 241, 242, 243, 244, 245, 246, 247, 248, 249, 250, 251, 252, 253, 254, 255, 256, 257, 258, 259, 260, 261, 262, 263, 264, 265, 266, 267, 268, 269, 270, 271, 272, 273, 274, 275, 276, 277, 278, 279, 280, 281, 282, 283, 284, 285, 286, 287, 288, 289, 290, 291, 292, 293, 294, 295, 296, 297, 298, 299, 300, 301, 302, 303, 304, 305, 306, 307, 308, 309, 310, 311, 312, 313, 314, 315, 316, 317, 318, 319, 320, 321, 322, 323, 324, 325, 326, 327, 328, 329, 330, 331, 332, 333, 334, 335, 336, 337, 338, 339, 340, 341, 342, 343, 344, 345, 346, 347, 348, 349, 350, 351, 352, 353, 354, 355, 356, 357, 358, 359, 360, 361, 362, 363, 364, 365, 366, 367, 368, 369, 370, 371, 372, 373, 374, 375, 376, 377, 378, 379, 380, 381, 382, 383, 384, 385, 386, 387, 388, 389, 390, 391, 392, 393, 394, 395, 396, 397, 398, 399, 400, 401, 402, 403, 404, 405, 406, 407, 408, 409, 410, 411, 412, 413, 414, 415, 416, 417, 418, 419, 420, 421, 422, 423, 424, 425, 426, 427, 428, 429, 430, 431, 432, 433, 434, 435, 436, 437, 438, 439, 440, 441, 442, 443, 444, 445, 446, 447, 448, 449, 450, 451, 452, 453, 454, 455, 456, 457, 458, 459, 460, 461, 462, 463, 464, 465, 466, 467, 468, 469, 470, 471, 472, 473, 474, 475, 476, 477, 478, 479, 480, 481, 482, 483, 484, 485, 486, 487, 488, 489, 490, 491, 492, 493, 494, 495, 496, 497, 498, 499, 500, 501, 502, 503, 504, 505, 506, 507, 508, 509, 510, 511, 512, 513, 514, 515, 516, 517, 518, 519, 520, 521, 522, 523, 524, 525, 526, 527, 528, 529, 530, 531, 532, 533, 534, 535, 536, 537, 538, 539, 540, 541, 542, 543, 544, 545, 546, 547, 548, 549, 550, 551, 552, 553, 554, 555, 556, 557, 558, 559, 560, 561, 562, 563, 564, 565, 566, 567, 568, 569, 570, 571, 572, 573, 574, 575, 576, 577, 578, 579, 580, 581, 582, 583, 584, 585, 586, 587, 588, 589, 590, 591, 592, 593, 594, 595, 596, 597, 598, 599, 600, 601, 602, 603, 604, 605, 606, 607, 608, 609, 610, 611, 612, 613, 614, 615, 616, 617, 618, 619, 620, 621, 622, 623, 624, 625, 626, 627, 628, 629, 630, 631, 632, 633, 634, 635, 636, 637, 638, 639, 640, 641, 642, 643, 644, 645, 646, 647, 648, 649, 650, 651, 652, 653, 654, 655, 656, 657, 658, 659, 660, 661, 662, 663, 664, 665, 666, 667, 668, 669, 670, 671, 672, 673, 674, 675, 676, 677, 678, 679, 680, 681, 682, 683, 684, 685, 686, 687, 688, 689, 690, 691, 692, 693, 694, 695, 696, 697, 698, 699, 700, 701, 702, 703, 704, 705, 706, 707, 708, 709, 710, 711, 712, 713, 714, 715, 716, 717, 718, 719, 720, 721, 722, 723, 724, 725, 726, 727, 728, 729, 730, 731, 732, 733, 734, 735, 736, 737, 738, 739, 740, 741, 742, 743, 744, 745, 746, 747, 748, 749, 750, 751, 752, 753, 754, 755, 756, 757, 758, 759, 760, 761, 762, 763, 764, 765, 766, 767, 768, 769, 770, 771, 772, 773, 774, 775, 776, 777, 778, 779, 780, 781, 782, 783, 784, 785, 786]
  [334226, 515858, 641918, 3155198, 3835538, 7629458] fails (641918, 3155198) T_square=True scales=[1, 2, 3, 4, 5, 6, 7, 8, 9, 10, 11, 12, 13, 14, 15, 16, 17, 18, 19, 20, 21, 22, 23, 24, 25, 26, 27, 28, 29, 30, 31, 32, 33, 34, 35, 36, 37, 38, 39, 40, 41, 42, 43, 44, 45, 46, 47, 48, 49, 50, 51, 52, 53, 54, 55, 56, 57, 58, 59, 60, 61, 62, 63, 64, 65, 66, 67, 68, 69, 70, 71, 72, 73, 74, 75, 76, 77, 78, 79, 80, 81, 82, 83, 84, 85, 86, 87, 88, 89, 90, 91, 92, 93, 94, 95, 96, 97, 98, 99, 100, 101, 102, 103, 104, 105, 106, 107, 108, 109, 110, 111, 112, 113, 114, 115, 116, 117, 118, 119, 120, 121, 122, 123, 124, 125, 126, 127, 128, 129, 130, 131, 132, 133, 134, 135, 136, 137, 138, 139, 140, 141, 142, 143, 144, 145, 146, 147, 148, 149, 150, 151, 152, 153, 154, 155, 156, 157, 158, 159, 160, 161, 162, 163, 164, 165, 166, 167, 168, 169, 170, 171, 172, 173, 174, 175, 176, 177, 178, 179, 180, 181, 182, 183, 184, 185, 186, 187, 188, 189, 190, 191, 192, 193, 194, 195, 196, 197, 198, 199, 200, 201, 202, 203, 204, 205, 206, 207, 208, 209, 210, 211, 212, 213, 214, 215, 216, 217, 218, 219, 220, 221, 222, 223, 224, 225, 226, 227, 228, 229, 230, 231, 232, 233, 234, 235, 236, 237, 238, 239, 240, 241, 242, 243, 244, 245, 246, 247, 248, 249, 250, 251, 252, 253, 254, 255, 256, 257, 258, 259, 260, 261, 262, 263, 264, 265, 266, 267, 268, 269, 270, 271, 272, 273, 274, 275, 276, 277, 278, 279, 280, 281, 282, 283, 284]
  [1195794, 3023122, 5491602, 10644687, 26115282, 48845682] fails (5491602, 48845682) T_square=True scales=[1, 2, 3, 4, 5, 6, 7, 8, 9, 10, 11, 12, 13, 14, 15, 16, 17, 18, 19, 20, 21, 22, 23, 24, 25, 26, 27, 28, 29, 30, 31, 32, 33, 34, 35, 36, 37, 38, 39, 40, 41, 42, 43, 44, 45, 46, 47, 48, 49, 50, 51, 52, 53, 54, 55, 56, 57, 58, 59, 60, 61, 62, 63, 64, 65, 66, 67, 68, 69, 70, 71, 72, 73, 74, 75, 76, 77, 78, 79, 80, 81, 82, 83, 84, 85, 86, 87, 88, 89, 90, 91, 92, 93, 94, 95, 96, 97, 98, 99, 100, 101, 102, 103, 104, 105, 106, 107, 108, 109, 110, 111, 112, 113, 114, 115, 116, 117, 118, 119, 120, 121, 122, 123, 124, 125, 126, 127, 128, 129, 130, 131, 132, 133, 134, 135, 136, 137, 138, 139, 140, 141, 142, 143, 144, 145, 146, 147, 148, 149, 150, 151, 152, 153, 154, 155, 156]
  [406258, 6384978, 11079063, 12453138, 42811218, 72150066] fails (6384978, 12453138) T_square=False scales=[1, 2, 3, 4, 5, 6, 7, 8, 9, 10, 11, 12, 13, 14, 15, 16, 17, 18, 19, 21, 22, 23, 24, 25, 26, 27, 28, 29, 30, 31, 32, 33, 34, 35, 36, 37, 38, 39, 41, 42, 43, 44, 45, 46, 47, 48, 49, 50, 51, 52, 53, 54, 55, 56, 57, 58, 59, 61, 62, 63, 64, 65, 66, 67, 68, 69, 70, 71, 72, 73, 74, 75, 76, 77, 78, 79, 81, 82, 83, 84, 85, 86, 87, 88]
  [1610802, 3505842, 8751159, 12510162, 15347122, 94860882] fails (1610802, 12510162) T_square=True scales=[1, 2, 3, 4, 5, 6, 7, 8, 9, 10, 11, 12, 13, 14, 15, 16, 17, 18, 19, 20, 21, 22, 23, 24, 25, 26, 27, 28, 29, 30, 31, 32, 33, 34, 35, 36, 37, 38, 39, 40, 41, 42, 43, 44, 45, 46, 47, 48, 49, 50, 51, 52, 53, 54, 55, 56, 57, 58, 59, 60, 61, 62, 63, 64, 65, 66, 67, 68, 69, 70, 71, 72, 73, 74, 75, 76, 77, 78, 79, 80, 81, 82, 83, 84, 85, 86, 87, 88, 89, 90]
  [1668402, 7512498, 13776498, 18599602, 25423623, 159672402] fails (18599602, 159672402) T_square=True scales=[1, 2, 3, 4, 5, 6, 7, 8, 9, 10, 11, 12, 13, 14, 15, 16, 17, 18, 19, 20, 21, 22, 23, 24, 25, 26, 27, 28, 29, 30, 31, 32, 33, 34, 35, 36, 37, 38, 39, 40, 41, 42, 43, 44, 45, 46, 47, 48, 49, 50, 51, 52, 53, 54, 55, 56, 57, 58, 59, 60, 61, 62, 63, 64, 65, 66, 67, 68, 69, 70, 71, 72, 73, 74, 75, 76, 77, 78, 79, 80, 81, 82, 83, 84, 85, 86, 87, 88, 89, 90, 91, 92, 93, 94, 95, 96, 97, 98, 99, 100, 101, 102, 103, 104, 105, 106, 107, 108, 109, 110, 111, 112, 113, 114, 115, 116, 117, 118, 119, 120, 121, 122, 123, 124, 125, 126, 127, 128, 129, 130, 131, 132, 133, 134, 135, 136, 137, 138, 139, 140, 141, 142, 143]
  [2483362, 6679367, 10868354, 19668322, 33300962, 178634402] fails (2483362, 19668322) T_square=True scales=[1, 2, 3, 4, 5, 6, 7, 8, 9, 10, 11, 12, 13, 14, 15, 16, 17, 18, 19, 20, 21, 22, 23, 24, 25, 26, 27, 28, 29, 30, 31, 32, 33, 34, 35, 36, 37, 38, 39, 40, 41, 42, 43, 44, 45, 46, 47, 48, 49, 50, 51, 52, 53, 54, 55, 56, 57, 58, 59, 60, 61, 62, 63, 64, 65, 66]
  [257058, 5765058, 13507042, 42593058, 81283842, 101047167] fails (13507042, 81283842) T_square=True scales=[1, 2, 3, 4, 5, 6, 7, 8, 9, 10, 11, 12, 13, 14, 15, 16, 17, 18, 19, 20, 21, 22, 23, 24, 25, 26, 27, 28, 29, 30, 31, 32, 33, 34, 35, 36, 37, 38, 39, 40, 41, 42, 43, 44, 45, 46, 47, 48, 49, 50, 51, 52, 53, 54, 55, 56, 57, 58, 59, 60, 61, 62, 63, 64, 65, 66, 67, 68, 69, 70, 71, 72, 73, 74, 75, 76, 77, 78, 79, 80, 81]
  [218327, 18747698, 38557202, 46635698, 271273202, 397983698] fails (38557202, 397983698) T_square=False scales=[1, 2, 3, 4, 5, 6, 7, 8, 9, 10, 11, 12, 13, 14, 15, 16, 17, 18, 19, 20, 21, 22, 23, 24, 25, 26, 27, 28, 29, 30, 31, 32, 33, 34, 35, 36, 37, 38, 39, 40, 41, 42, 43, 44, 45, 46, 47, 48, 49, 50, 51, 52, 53, 54]
  [2366217, 29612808, 49597192, 70787592, 84962808, 888477192] fails (2366217, 49597192) T_square=True scales=[1, 2, 3, 4, 5, 6, 7, 8, 9, 10, 11, 12, 13, 14, 15, 16, 17, 18, 19, 20, 21, 22, 23, 24, 25, 26, 27, 28, 29, 30]
  [2918258, 20886383, 36645842, 82644242, 2623644242, 146874578258] fails (20886383, 146874578258) T_square=True scales=[1, 2, 3, 4, 5, 6, 7, 8, 9, 10, 11, 12, 13, 14, 15, 16, 17, 18, 19]
  [5035583, 13773986, 61533698, 86186018, 156737378, 1485619298] fails (61533698, 1485619298) T_square=True scales=[1, 2, 3, 4, 5, 6, 7, 8, 9, 10, 11, 12, 13, 14, 15, 16, 17, 18, 19, 20, 21, 22, 23, 24, 25, 26, 27, 28, 29, 30, 31, 32, 33, 34, 35, 36, 37, 38, 39, 40, 41, 42, 43, 44, 45, 46, 47, 48, 49, 50, 51, 52, 53, 54, 55, 56, 57, 58, 59, 60, 61]
  [190962, 51217938, 57462687, 91011538, 736931538, 2946344562] fails (91011538, 2946344562) T_square=True scales=[1, 2, 3, 4, 5, 6, 7, 8, 9, 10, 11, 12, 13, 14, 15, 16, 17, 18, 19, 20, 21, 22, 23, 24, 25, 26, 27, 28, 29, 30, 31, 32, 33, 34]
  [2780082, 5898834, 20664882, 95586642, 229386087, 521538322] fails (20664882, 521538322) T_square=False scales=[1, 2, 3, 4, 5, 6, 7, 8, 9, 10, 11, 12, 13, 14, 15, 16, 17, 18, 19, 20, 21, 22, 23, 24, 25, 26, 27, 28, 29, 30, 31, 32, 33, 34, 35, 36, 37, 38, 39, 40, 41, 42, 43, 44, 45, 46, 47, 48, 49, 50, 51, 52, 53, 54]
  [8218872, 28262728, 81651528, 115257672, 224038728, 380383497] fails (81651528, 115257672) T_square=True scales=[1, 2, 3, 4, 5, 6, 7, 8, 9, 10, 11, 12, 13, 14, 15, 16, 17, 18, 19, 20, 21, 22, 23, 24, 25, 26, 27, 28, 29, 30, 31, 32, 33, 34, 35, 36, 37, 38, 39]
  [20094498, 42790402, 57169602, 115884423, 308022498, 509365602] fails (42790402, 115884423) T_square=True scales=[1, 2, 3, 4, 5, 6, 7, 8, 9, 10, 11, 12, 13, 14, 15, 16, 17, 18, 19, 20, 21, 22, 23, 24, 25, 26, 27, 28, 29, 30, 31, 32, 33]
  [7105392, 30754017, 45023008, 121490208, 189679392, 488402208] fails (30754017, 121490208) T_square=False scales=[1, 2, 3, 4, 5, 6, 7, 8, 9, 10, 11, 12, 13, 14, 15, 16, 17, 18, 19, 20, 21, 22, 23, 24, 25, 26, 27, 28, 29, 30, 31, 32, 33, 34, 35, 36, 37]
  [35861042, 50815058, 66452183, 139901042, 203459858, 1937453042] fails (35861042, 139901042) T_square=True scales=[1, 2, 3, 4, 5, 6, 7, 8, 9, 10, 11, 12, 13, 14, 15, 16, 17, 18, 19, 20, 21]
  [15735650, 38345666, 107363375, 157186850, 363656834, 1190437250] fails (38345666, 157186850) T_square=True scales=[1, 2, 3, 4, 5, 6, 7, 8, 9, 10, 11, 12, 13, 14, 15, 16, 17, 18, 19, 20, 21, 22, 23, 24]
  [1090432, 5773968, 39869568, 169656057, 644476032, 2638813968] fails (5773968, 2638813968) T_square=False scales=[1, 2, 3, 4, 5, 6, 7, 8, 9, 10, 11, 12, 13, 14, 15, 16, 17, 18, 19, 20, 21, 22, 23, 24, 25, 26, 27, 28, 29, 30, 31, 32, 33, 34]
  [2743042, 6197058, 9437058, 217185858, 722481858, 2908183167] fails (6197058, 722481858) T_square=True scales=[1, 2, 3, 4, 5, 6, 7, 8, 9, 10, 11, 12, 13, 14, 15, 16, 17]
  [15045503, 52703858, 121166738, 252636818, 675540338, 8741609426] fails (121166738, 8741609426) T_square=True scales=[1, 2, 3, 4, 5, 6, 7, 8, 9, 10, 11, 12, 13, 14, 15, 16, 17, 18, 19, 20, 21, 22, 23, 24, 25, 26, 27, 28, 29, 30, 31]
  [5357618, 94522418, 142822418, 254980607, 708066482, 2637630482] fails (5357618, 142822418) T_square=True scales=[1, 2, 3, 4, 5, 6, 7, 8, 9, 10, 11, 12, 13, 14, 15, 16]
  [12640338, 20652562, 75250287, 268592562, 501469938, 2761909938] fails (20652562, 268592562) T_square=False scales=[1, 2, 3, 4, 5, 6, 7, 8, 9, 10, 11, 12, 13, 14, 15, 16, 17]
  [40758057, 107472568, 156784968, 276687432, 690025032, 17068202568] fails (40758057, 17068202568) T_square=True scales=[1, 2, 3, 4, 5, 6, 7, 8, 9, 10, 11, 12, 13, 14, 15, 16, 17, 18, 19, 20, 21, 22, 23, 24, 25, 26, 27, 28]
  [4158450, 116270226, 140562450, 289792575, 1700705650, 15879402450] fails (289792575, 15879402450) T_square=True scales=[1, 2, 3, 4, 5, 6, 7, 8, 9, 10, 11, 12, 13, 15, 16, 17, 18, 19, 20, 21, 22]
  [12447639, 74209842, 105296562, 333103282, 1279882962, 30396285522] fails (105296562, 30396285522) T_square=True scales=[1, 2, 3, 4, 5, 6, 7, 8, 9, 10, 11, 12, 13, 14, 15, 16, 17, 18, 19, 20, 21, 22, 23, 24]
  [30387698, 59122823, 196717202, 373059698, 650300402, 2496685202] fails (196717202, 650300402) T_square=True scales=[1, 2, 3, 4, 5, 6, 7, 8, 9, 10, 11, 12, 13, 14, 15, 16, 17, 18]
  [11319282, 41650002, 127402002, 376061842, 1640127762, 22079260359] fails (41650002, 1640127762) T_square=True scales=[1, 2, 3, 4, 5, 6]
  [20217842, 130826258, 159876242, 433046258, 1745882783, 2398257842] fails (20217842, 159876242) T_square=True scales=[1, 2, 3, 4, 5, 6, 7, 8, 9, 10, 11, 12, 13, 14]
  [93434112, 168099472, 210475377, 439621632, 457500672, 1719281664] fails (210475377, 457500672) T_square=False scales=[1, 2, 3, 4, 5, 6, 7, 8, 9, 10, 11, 12, 13, 14, 15, 16, 17, 18, 19, 20]
  [6503778, 42356322, 153923778, 439973122, 480360447, 5346671778] fails (6503778, 5346671778) T_square=True scales=[1, 2, 3, 4, 5, 6, 7, 8, 9, 10, 11, 12, 13, 14, 15, 16, 17, 18, 19, 20, 21, 22, 23, 24, 25, 26, 27, 28, 29]
  [1475663, 35187362, 260996738, 452427362, 1786565762, 3117635138] fails (1475663, 1786565762) T_square=True scales=[1, 2, 3, 4, 5, 6, 7, 8, 9, 10, 11, 12, 13, 14, 15, 16]
  [33609682, 89711343, 306497682, 452945682, 2206519218, 59195347218] fails (89711343, 59195347218) T_square=False scales=[1, 2, 3, 4, 5, 6, 7, 8, 9, 10, 11, 12, 13, 14, 15, 16, 17, 18]
  [4962050, 154807550, 423114050, 488322050, 1384836350, 3357414146] fails (154807550, 1384836350) T_square=False scales=[1, 2, 3, 4, 5, 6, 7, 8, 9, 10, 11, 12, 13, 14, 15]
  [30749362, 198651538, 307148562, 495723663, 1846739538, 2737904562] fails (30749362, 198651538) T_square=False scales=[1, 2, 3, 4, 5, 6, 7, 8, 9, 10, 11, 12, 13]
  [4709282, 14256743, 54119618, 522360482, 869675618, 2165232482] fails (4709282, 2165232482) T_square=False scales=[1, 2, 3, 4, 5, 6, 7, 8, 9, 10, 11, 12, 13, 14, 15, 16, 17, 18, 19, 20, 21, 22, 23, 24, 25, 26]
  [29077938, 124806087, 245486962, 528354162, 614761938, 8048257938] fails (614761938, 8048257938) T_square=False scales=[1, 2, 3, 4, 5, 6, 7, 8, 9, 10, 11, 12, 13, 14, 15, 16, 17, 18, 19, 20, 21, 22, 23, 24, 25, 26, 27, 28, 29, 30, 31, 32]
  [23089007, 102687218, 134288018, 567644018, 737732882, 1610444882] fails (102687218, 567644018) T_square=True scales=[1, 2, 3, 4, 5, 6, 7, 8, 9, 10, 11, 12, 13, 14, 15, 16, 17, 18, 19]
  [1971592, 5443137, 183097224, 593974152, 992295432, 5454509832] fails (5443137, 5454509832) T_square=True scales=[1, 2, 3, 4, 5, 6, 7, 8, 9, 10, 11, 12, 13, 14, 15, 16, 17, 18, 19, 20, 21, 22, 23]
  [9394952, 216205448, 291801073, 598326152, 1136562952, 3403501448] fails (291801073, 1136562952) T_square=True scales=[1, 2, 3, 4, 5, 6, 7, 8, 9, 10, 11, 12, 13, 14, 15]
  [77510399, 369854402, 440097602, 645077762, 1522569602, 11345610242] fails (369854402, 440097602) T_square=True scales=[1, 2, 3, 4, 5, 6, 7, 8]
  [19123218, 162317682, 372679218, 653241682, 837317007, 1580076882] fails (653241682, 837317007) T_square=False scales=[1, 2, 3, 4, 5, 6, 7, 8, 9, 10, 11, 12, 13, 14, 15, 16, 17, 18, 19, 20, 21]
  [7262192, 52135657, 246566432, 722385952, 1898234912, 2401976864] fails (52135657, 722385952) T_square=True scales=[1, 2, 3, 4, 5, 6, 7, 8, 9, 10, 11, 12, 13, 14]
  [50857538, 215648087, 265057538, 730344962, 1784677538, 14003244962] fails (50857538, 1784677538) T_square=True scales=[1, 2, 3, 4, 5, 6, 7, 8]
  [6277874, 126386450, 334863026, 731224775, 1114766450, 2108066450] fails (126386450, 334863026) T_square=True scales=[1, 2, 3, 4, 5, 6, 7, 8, 9, 10, 11, 12, 13, 14, 15]
  [110913138, 176898087, 276153138, 744649362, 947027538, 1111409362] fails (110913138, 1111409362) T_square=False scales=[1, 2, 3, 4, 5, 6, 7, 8, 9, 10, 11, 12, 13, 14, 15, 16, 17, 18, 19, 20, 21]
  [10699938, 150564663, 215200962, 759362562, 863921538, 3232602562] fails (863921538, 3232602562) T_square=True scales=[1, 2, 3, 4, 5, 6, 7, 8, 9, 10, 11, 12, 13, 14, 15, 16, 17, 18, 19, 20, 21, 22, 23, 24, 25, 26, 27, 28, 29]
  [37841058, 61659567, 348281442, 823581442, 1772321058, 14421259458] fails (348281442, 823581442) T_square=True scales=[1, 2, 3, 4, 5, 6, 7]
  [11823048, 112811848, 146559177, 850421448, 1041828552, 1308481848] fails (112811848, 1308481848) T_square=False scales=[1, 2, 3, 4, 5, 6, 7, 8, 9, 10, 11, 12, 13, 14, 15, 16, 17, 18, 19, 20, 21, 22]
  [120321992, 163667912, 367911224, 923484872, 7025337032, 16111202417] fails (923484872, 7025337032) T_square=False scales=[1, 2, 3, 4, 5, 6, 7]
  [11885048, 149887913, 260701256, 955076168, 3321560648, 63802958408] fails (11885048, 260701256) T_square=True scales=[1, 2, 3]
  [1872639, 14440882, 177714162, 989054802, 1307463282, 2095858962] fails (1872639, 1307463282) T_square=True scales=[1, 2, 3, 4, 5, 6, 7, 8, 9, 10, 11, 12, 13, 14, 15, 16, 17]
  [262248498, 476014743, 795692178, 1024695378, 4011511378, 8194760946] fails (1024695378, 4011511378) T_square=True scales=[1, 2, 3, 4, 5, 6, 7, 8, 9, 10]
  [57226248, 131561352, 286559352, 1055930248, 1462603977, 66525351048] fails (57226248, 286559352) T_square=True scales=[1, 2, 3]
  [58333858, 111864258, 697310658, 1062911367, 3615238242, 7466534658] fails (58333858, 697310658) T_square=True scales=[1, 2, 3, 4, 5, 6, 7, 8, 9]
  [162522367, 400922802, 541690002, 1121481522, 2176263954, 3111061842] fails (162522367, 3111061842) T_square=True scales=[1, 2, 3, 4, 5, 6, 7, 8, 9, 10, 11, 12, 13, 14, 15]
  [152928162, 530057794, 860411727, 1268211042, 6065656002, 7661278242] fails (1268211042, 7661278242) T_square=False scales=[1, 2, 3, 4, 5, 6, 7, 8, 9, 10, 11]
  [16142562, 319846338, 499601538, 1275756687, 2668962562, 4023095463] fails (1275756687, 4023095463) T_square=False scales=[1, 2, 3, 4, 5, 6, 7, 8, 9, 10, 11, 12, 13, 14, 15, 16]
  [5574600, 53101000, 875624625, 1384522056, 3964937544, 5485235400] fails (875624625, 3964937544) T_square=True scales=[1, 2, 3, 4, 5, 6, 7, 8, 9, 10, 11, 12]
  [8600200, 51384825, 182613384, 1403656200, 4302635400, 8399556216] fails (1403656200, 8399556216) T_square=True scales=[1, 2, 3, 4, 5, 6, 7, 8, 9, 10, 11, 12, 13, 14]
  [67701762, 378225927, 822604482, 1508547042, 7618962402, 26771256514] fails (67701762, 7618962402) T_square=False scales=[1, 2, 3, 4, 5]
  [117458226, 591485650, 627012999, 1610939250, 4496483250, 14821736850] fails (627012999, 4496483250) T_square=True scales=[1, 2, 3, 4, 5, 6, 7]
  [118956562, 185127282, 844897554, 1694355327, 2732817042, 40546992402] fails (844897554, 40546992402) T_square=True scales=[1, 2, 3, 4, 5, 6, 7, 8, 9, 10, 11, 12, 13, 14]
  [52884162, 341138338, 598284162, 1708596738, 4966129863, 91483618338] fails (4966129863, 91483618338) T_square=False scales=[1, 2, 3, 4, 5, 6, 7, 8, 9, 10, 11, 12, 13, 14, 15, 16, 17, 18, 19]
  [116579327, 507271202, 637197698, 1723401698, 8139868898, 416846779202] fails (507271202, 416846779202) T_square=True scales=[1, 2, 3, 4, 5, 6, 7, 8, 9]
  [98396482, 152160759, 206524962, 1736697762, 4194736002, 16106384322] fails (1736697762, 4194736002) T_square=True scales=[1, 2, 3, 4, 5, 6, 7]
  [155024928, 233065072, 392535072, 1827005472, 6045120153, 11297399328] fails (1827005472, 11297399328) T_square=True scales=[1, 2, 3, 4, 5, 6, 7, 8, 9, 10, 11, 12]
  [572061618, 686839743, 1246960882, 1839730482, 8484861618, 22791060882] fails (572061618, 8484861618) T_square=False scales=[1, 2, 3, 4, 5, 6]
  [267022088, 565877512, 1325067713, 1850818312, 5591349512, 11241118088] fails (565877512, 1850818312) T_square=True scales=[1, 2, 3, 4, 5, 6, 7]
  [95699234, 187280450, 583059575, 1876604450, 2517759650, 4041620450] fails (95699234, 1876604450) T_square=True scales=[1, 2, 3, 4, 5, 6, 7, 8, 9, 10, 11]
  [459053568, 640266768, 1240776873, 1886605056, 2318658048, 9380792848] fails (640266768, 9380792848) T_square=False scales=[1, 2, 3, 4, 5, 6, 7, 8, 9, 10, 11, 12, 13]
  [129539538, 1203732658, 1805228658, 1909795743, 2312994546, 21108859218] fails (1805228658, 2312994546) T_square=True scales=[1, 2, 3, 4, 5, 6]
  [149184018, 392495058, 1397979538, 1933734303, 2902494546, 232786393938] fails (1933734303, 232786393938) T_square=True scales=[1, 2, 3, 4, 5, 6, 7, 8, 9, 10, 11, 12, 13, 14]
  [64005026, 123192098, 968846018, 1995520898, 2492005223, 17360522978] fails (123192098, 1995520898) T_square=True scales=[1, 2, 3, 4, 5, 6]
  [9349632, 235510272, 951154432, 2002441977, 5298064272, 55377448704] fails (951154432, 55377448704) T_square=True scales=[1, 2, 3, 4, 5, 6, 7, 8, 9, 10, 11]
  [52880328, 471071772, 581152072, 2053103553, 2830809672, 3439929672] fails (471071772, 2053103553) T_square=False scales=[1, 2, 3, 4, 5, 6, 7, 8, 9, 10, 11, 12]
  [227974258, 356794866, 1395632178, 2103563538, 7366451058, 9552013983] fails (227974258, 9552013983) T_square=False scales=[1, 2, 3, 4, 5, 6, 7, 8, 9]
  [29133986, 435570263, 1356343298, 2127725378, 4120544738, 86761204418] fails (2127725378, 86761204418) T_square=False scales=[1, 2, 3, 4, 5, 6, 7, 8, 9, 10, 11, 12]
  [173974738, 797843538, 1745341362, 2155535487, 9641682738, 10045213362] fails (1745341362, 10045213362) T_square=True scales=[1, 2, 3, 4, 5, 6, 7, 8]
  [10698023, 918637202, 1889302898, 2285149202, 4324866002, 13292386898] fails (918637202, 4324866002) T_square=True scales=[1, 2, 3, 4, 5, 6, 7]
  [13686472, 584751897, 1504195128, 2288393928, 7077974472, 39293341128] fails (584751897, 2288393928) T_square=True scales=[1, 2, 3, 4]
  [170254112, 916634912, 1692531488, 2445045488, 5349195737, 22102323488] fails (1692531488, 22102323488) T_square=True scales=[1, 2, 3, 4, 5, 6, 7, 8, 9, 10]
  [28350977, 178002248, 737665352, 2563986248, 6193230152, 7013376248] fails (178002248, 7013376248) T_square=True scales=[1, 2, 3, 4, 5, 6, 7, 8, 9, 10]
  [42130575, 183319650, 1261440450, 2681143650, 5839992450, 9264909154] fails (183319650, 2681143650) T_square=True scales=[1, 2, 3, 4, 5, 6, 7]
  [150485522, 580405703, 981029522, 2719259378, 3526481522, 15272670578] fails (580405703, 2719259378) T_square=True scales=[1, 2, 3, 4, 5, 6, 7]
  [970756850, 1945783175, 2601696050, 2759765234, 9103380050, 44463870866] fails (2759765234, 9103380050) T_square=False scales=[1, 2, 3, 4]
  [332286752, 875136752, 1319973152, 2853186848, 3577088873, 32139753248] fails (1319973152, 3577088873) T_square=True scales=[1, 2, 3, 4, 5]
  [195579122, 502067447, 1790905778, 2959489778, 8836642322, 45587581778] fails (1790905778, 2959489778) T_square=False scales=[1, 2, 3, 4]
  [28167552, 347882112, 595283409, 3110969232, 9997448832, 18803356432] fails (3110969232, 18803356432) T_square=True scales=[1, 2, 3, 4, 5, 6, 7, 8, 9]
  [3815298, 541220418, 2576215138, 3204954018, 8151358338, 58966478946] fails (8151358338, 58966478946) T_square=False scales=[1, 2, 3, 4, 5, 6, 7, 8, 9, 10, 11, 12]
  [145148192, 891691808, 1781611808, 3230461808, 6134938817, 308021948192] fails (145148192, 1781611808) T_square=False scales=[1]
  [481550832, 1389876768, 2299956768, 3349068832, 12882965193, 54325004832] fails (3349068832, 54325004832) T_square=True scales=[1, 2, 3, 4, 5, 6, 7]
  [632781522, 990502578, 1965159378, 3353625522, 4856546578, 49425463647] fails (1965159378, 4856546578) T_square=True scales=[1, 2, 3, 4]
  [40015458, 1423047042, 2460984642, 3480033442, 5053661442, 29219455458] fails (2460984642, 5053661442) T_square=False scales=[1, 3, 5]
  [30720103, 1547832258, 2316779298, 3730771458, 7671624066, 75688359138] fails (7671624066, 75688359138) T_square=True scales=[1, 2, 3, 4, 5, 6, 7, 8, 9, 10, 11]
  [370997138, 722297087, 2876862962, 3753981938, 10092246962, 55643585138] fails (3753981938, 55643585138) T_square=True scales=[1, 2, 3, 4, 5, 6, 7, 8]
  [133638498, 1768542498, 3345709698, 4048570402, 9963596727, 50612934402] fails (3345709698, 9963596727) T_square=True scales=[1, 2, 3, 4]
  [363286098, 478526098, 2468443698, 4068278802, 20329536402, 112401711927] fails (478526098, 112401711927) T_square=False scales=[1, 2, 3, 4, 5, 6]
  [1119961017, 1425544192, 3618296208, 4150363392, 6950366208, 134278280208] fails (3618296208, 134278280208) T_square=True scales=[1, 2, 3, 4, 5, 6, 7, 8]
  [54032153, 1251995168, 1773444848, 4168498208, 8212959776, 18079014128] fails (1773444848, 18079014128) T_square=False scales=[1, 2, 3, 4, 5, 6, 7, 8]
  [66900978, 542695122, 2555563122, 4307730903, 11432229778, 18133807122] fails (11432229778, 18133807122) T_square=True scales=[1, 2, 3, 4, 5, 6, 7, 8, 9, 10, 11]
  [20422850, 193614050, 308818175, 4330562594, 10520706050, 27625290050] fails (4330562594, 10520706050) T_square=True scales=[1, 2, 3, 4, 5]
  [219800952, 477951273, 600448648, 4360781448, 4690077048, 9709922952] fails (219800952, 4690077048) T_square=False scales=[1, 2, 3, 4, 5, 6, 7, 8]
  [162503200, 1674390681, 2553991200, 4431625200, 4981255200, 17124487200, 28860026400] fails (1674390681, 2553991200) T_square=False scales=[1, 2, 3, 4]
  [514273792, 790958592, 3162935808, 4486337433, 7376139792, 14604887808] fails (3162935808, 4486337433) T_square=True scales=[1, 2, 3, 4, 5, 6]
  [63483903, 353369986, 996604578, 4502211138, 5780965698, 6739301538] fails (63483903, 4502211138) T_square=True scales=[1, 2, 3, 4, 5, 6, 7, 8]
  [352894472, 1052755592, 1656655112, 4582449032, 7269792392, 20173111889] fails (1656655112, 7269792392) T_square=True scales=[1, 2, 3, 4, 5, 6]
  [12396168, 174746232, 2851133832, 4770156168, 13052093832, 42354004393] fails (12396168, 2851133832) T_square=True scales=[1, 2, 3, 4]
  [1181423762, 1293141263, 1709789138, 4798505138, 13967754962, 15130463762] fails (1293141263, 15130463762) T_square=False scales=[1, 2, 3, 4, 5, 6]
  [19015442, 82389458, 382185458, 4863919442, 7363574642, 14976211583] fails (82389458, 14976211583) T_square=True scales=[1, 2, 3, 4, 5, 6, 7, 8]
  [343072, 3083571017, 3666201632, 4941184544, 10369413152, 12823440112] fails (343072, 12823440112) T_square=True scales=[1, 2, 3, 4, 5, 6]
  [188226738, 361675762, 1629090162, 5553472338, 22552714863, 26299335762] fails (5553472338, 26299335762) T_square=True scales=[1, 2, 3, 4, 5, 6]
  [546728018, 1516256018, 3831740882, 5570858207, 26913076082, 28944464882] fails (546728018, 1516256018) T_square=True scales=[1, 2, 3]
  [695088018, 3894838983, 4439207698, 5595622578, 11351730546, 24954523218] fails (695088018, 24954523218) T_square=True scales=[1, 2, 3, 4, 5, 6]
  [436776832, 626504832, 1811879568, 5615285193, 14109512832, 55713264768] fails (5615285193, 55713264768) T_square=True scales=[1, 2, 3, 4, 5, 6, 7]
  [147409218, 1593983682, 2138004418, 5659945218, 7586913807, 16931948418] fails (147409218, 16931948418) T_square=False scales=[1, 2, 3, 4, 5, 6, 7]
  [123869602, 441143298, 1697456727, 5671907298, 7625411298, 14489252802] fails (123869602, 14489252802) T_square=False scales=[1, 2, 3, 4, 5, 6, 7, 8]
  [335544328, 650980953, 2665742328, 5695531272, 23652270072, 46831608072] fails (2665742328, 23652270072) T_square=True scales=[1, 2, 3, 4]
  [84916512, 2008695024, 3643895584, 5979910617, 15628207392, 68941085472] fails (2008695024, 3643895584) T_square=True scales=[1, 2, 3]
  [171999522, 2598759522, 4394381103, 6175309378, 39520593378, 159618469122] fails (6175309378, 159618469122) T_square=True scales=[1, 2, 3, 4]
  [509448737, 2968601888, 4712167712, 6396992288, 8027017712, 18574592288] fails (509448737, 4712167712) T_square=False scales=[1, 2, 3, 4, 5]
  [815399712, 1954727712, 4619238688, 6400511937, 12705638688, 74792001312] fails (815399712, 6400511937) T_square=True scales=[1, 2, 3]
  [331855938, 688179906, 1757913858, 6607200663, 19593725026, 499327686018] fails (688179906, 19593725026) T_square=True scales=[1]
  [296882082, 442033407, 1464598818, 6670358818, 7369521282, 21127294818] fails (6670358818, 21127294818) T_square=True scales=[1, 2, 3, 4, 5, 6, 7, 8, 9, 10]
  [91576688, 2485407008, 3559966496, 6796759328, 15614528288, 56715808961] fails (3559966496, 56715808961) T_square=False scales=[1, 2, 3, 4, 5, 6]
  [98360658, 1665135378, 6459723666, 6837364303, 13477151538, 163533215538] fails (6837364303, 163533215538) T_square=True scales=[1, 2, 3, 4, 5, 6]
  [456681106, 1197937223, 3444168466, 7005168818, 61296562898, 93462276338] fails (456681106, 3444168466) T_square=False scales=[1, 2]
  [57041352, 808906977, 3521391048, 7503608952, 24623368648, 35076712248] fails (7503608952, 35076712248) T_square=True scales=[1, 2, 3, 4, 5]
  [428099058, 1268517042, 4309332183, 7663623058, 29504361042, 172935877842] fails (29504361042, 172935877842) T_square=False scales=[1, 2, 3, 4, 5, 6, 7, 8]
  [998818450, 2718522450, 3105762039, 7764575319, 20589606450, 92447557650] fails (3105762039, 7764575319) T_square=False scales=[1, 2]
  [35144082, 327263287, 642000402, 7819423794, 9158405607, 11542185522] fails (327263287, 9158405607) T_square=False scales=[1, 2, 3, 4, 5, 6, 7]
  [196835282, 3629576882, 6917918519, 7892728082, 9664051922, 37936662002] fails (9664051922, 37936662002) T_square=True scales=[1, 2, 3, 4, 5, 6, 7]
  [406166048, 2201366048, 5949112352, 7934089577, 17613137648, 33670993952] fails (7934089577, 33670993952) T_square=False scales=[1, 2, 3, 4, 5, 6]
  [30050336, 2708692553, 4409773088, 7957446176, 16726734368, 34764136688] fails (30050336, 7957446176) T_square=False scales=[1, 2, 3, 4]
  [79524425, 2406993800, 2852156600, 8189649800, 27421059464, 54370364600] fails (2852156600, 54370364600) T_square=False scales=[1, 2, 3, 4, 5]
  [278372738, 2164556738, 2475777662, 8356868738, 22534708862, 93768116162] fails (2475777662, 22534708862) T_square=True scales=[1, 2, 3]
  [71260578, 414236578, 5317767522, 8444337822, 33613468578, 45707621022] fails (8444337822, 45707621022) T_square=True scales=[1, 2, 3, 4, 5]
  [423532818, 1871835282, 4769110782, 8673811582, 16296508818, 22436092818] fails (4769110782, 8673811582) T_square=True scales=[1, 2, 3, 4]
  [3828016928, 6554777888, 7093069088, 8848265993, 21473339168, 146213634848] fails (3828016928, 146213634848) T_square=False scales=[1, 2, 3, 4]
  [276236738, 2354940287, 7378263362, 8888953487, 41369960738, 56332544738] fails (2354940287, 8888953487) T_square=False scales=[1, 2, 3]
  [291416903, 6155227778, 7728681122, 8902516322, 21911073122, 154833494978] fails (8902516322, 154833494978) T_square=True scales=[1, 2, 3, 4, 5]
  [895415328, 1460716272, 2730551328, 8956139697, 18248074272, 208670775328] fails (1460716272, 208670775328) T_square=False scales=[1, 2, 3, 4, 5]
  [9398162, 1328771399, 3540616562, 8959070642, 23125620242, 85524623282] fails (23125620242, 85524623282) T_square=True scales=[1, 2, 3, 4, 5, 6, 7, 8]
  [185132241, 657550600, 2007073800, 9258625800, 11667889800, 13403665800] fails (185132241, 11667889800) T_square=True scales=[1, 2, 3, 4, 5, 6]
  [215924418, 339809058, 3011906178, 9328193218, 68602670703, 81959177826] fails (215924418, 68602670703) T_square=True scales=[1, 2, 3]
  [926895922, 3093932178, 4726640178, 9442452978, 14610765303, 27317939922] fails (926895922, 14610765303) T_square=True scales=[1, 2, 3, 4]
  [722288322, 1348871778, 2151743778, 9531704322, 25050161122, 30083226903] fails (1348871778, 25050161122) T_square=False scales=[1, 2, 3, 4]
  [646094898, 2174152338, 7121507058, 9617418583, 14369466546, 27253877778] fails (646094898, 27253877778) T_square=True scales=[1, 2, 3, 4, 5]
  [2665086642, 3931926642, 6962840242, 9645925383, 12133635858, 275327475858] fails (3931926642, 9645925383) T_square=True scales=[1]
  [253797250, 883915650, 1901390526, 9762609474, 14579006850, 15571842750] fails (1901390526, 15571842750) T_square=True scales=[1, 2, 3, 4, 5, 6]
  [160061832, 2227921857, 5692188168, 9843938568, 13920133768, 20214645768, 116877821832] fails (2227921857, 9843938568) T_square=False scales=[1, 2]
  [703161472, 2616441984, 3450254337, 9923974272, 23635334592, 7384385711232] fails (3450254337, 7384385711232) T_square=True scales=[1, 2, 3, 4, 5]
  [347424800, 5419458800, 7624922144, 10289403425, 13136429600, 71498016800] fails (7624922144, 10289403425) T_square=False scales=[1, 2, 3]
  [12766482, 4909378482, 6636983634, 10820296242, 88860085042, 129110313087] fails (12766482, 88860085042) T_square=False scales=[1, 2]
  [153630848, 281675648, 9483914393, 10870529168, 44134729856, 94523197568] fails (9483914393, 94523197568) T_square=True scales=[1, 2, 3, 4]
  [1530706248, 4221606088, 6002839368, 10949981841, 38192972616, 85421149128] fails (10949981841, 38192972616) T_square=True scales=[1, 2, 3]
  [1207506098, 2598150002, 9193638098, 11116602098, 104462998802, 740147627927] fails (1207506098, 740147627927) T_square=True scales=[1, 2]
  [655836408, 1694473992, 4199465992, 11175294033, 47084665608, 84318684408] fails (655836408, 84318684408) T_square=False scales=[1, 2, 3]
  [832813506, 6301015938, 6727836798, 11232451458, 33265763458, 597017797758] fails (6727836798, 597017797758) T_square=True scales=[1, 2, 3, 4]
  [770992328, 1500483272, 6070778897, 11354541128, 15176656328, 45565875272] fails (1500483272, 45565875272) T_square=False scales=[1, 2, 3, 4, 5]
  [270187400, 717029000, 3827348744, 11502062600, 13048126625, 18248667656] fails (3827348744, 13048126625) T_square=True scales=[1, 2, 3, 4, 5]
  [3753458, 821659442, 4875269042, 11504891183, 13463849042, 15760053458] fails (3753458, 11504891183) T_square=True scales=[1, 2, 3, 4, 5]
  [118001538, 1122869538, 5998802562, 11808231687, 14255610562, 23252458338] fails (118001538, 11808231687) T_square=True scales=[1, 2, 3, 4]
  [522324450, 1209067650, 3468124450, 11928218274, 14614056450, 65401380450] fails (522324450, 65401380450) T_square=False scales=[1, 2, 3, 4, 5]
  [74705913, 3097799712, 10412078112, 12268281888, 88045810288, 277132679712] fails (74705913, 277132679712) T_square=True scales=[1, 2]
  [504349218, 3096370818, 4263553282, 12980601207, 19810451682, 50123350818] fails (504349218, 12980601207) T_square=True scales=[1, 2, 3]
  [6021638784, 10568831632, 12599965737, 12995874432, 25999316352, 1017732627072] fails (6021638784, 1017732627072) T_square=False scales=[1, 2, 3, 4]
  [480054402, 1156552623, 10692858402, 13020061698, 34377582402, 98927729698] fails (1156552623, 13020061698) T_square=True scales=[1, 2]
  [2071070663, 2321304962, 6968184962, 13059159362, 19143143138, 436041863138] fails (2321304962, 19143143138) T_square=True scales=[1]
  [117992882, 2652239807, 7063213682, 13109307218, 39926019218, 310886163218] fails (117992882, 310886163218) T_square=True scales=[1, 2, 3]
  [1183676552, 2651276777, 4699213448, 13481533448, 16412876552, 287077933448] fails (13481533448, 287077933448) T_square=False scales=[1, 2, 3, 4, 5, 6]
  [131055858, 486267858, 1706781042, 13711407858, 23543382367, 60932296242] fails (486267858, 60932296242) T_square=True scales=[1, 2, 3, 4, 5]
  [29574738, 91645362, 361278162, 13759290738, 36652633938, 76724357287] fails (91645362, 36652633938) T_square=False scales=[1, 2, 3]
  [2979512306, 4154992850, 11075775719, 13773648050, 16359840050, 115401900050] fails (4154992850, 13773648050) T_square=True scales=[1, 2]
  [1496332247, 4897749122, 6459415778, 13826889122, 22941173378, 649567070978] fails (6459415778, 649567070978) T_square=True scales=[1, 2, 3, 4]
  [390258450, 1672717950, 9849157650, 13893337746, 36500626450, 472981261950] fails (1672717950, 472981261950) T_square=False scales=[1, 2, 3, 4]
  [192388562, 901236338, 1092475463, 14147673938, 17155135538, 334837888562] fails (1092475463, 17155135538) T_square=False scales=[1]
  [5664516552, 7235899848, 13976945352, 14916255048, 35287076673, 323412100552] fails (7235899848, 13976945352) T_square=True scales=[1]
  [1919168258, 3543224206, 10008529538, 15010484738, 29634669698, 49666143118] fails (3543224206, 49666143118) T_square=True scales=[1, 2, 3, 4]
  [1110877618, 7296912018, 12670473618, 15178794543, 54778810482, 126988690482] fails (15178794543, 126988690482) T_square=True scales=[1, 2, 3]
  [509483592, 10553348808, 13801374792, 15353163217, 15624596808, 165514168008] fails (13801374792, 165514168008) T_square=True scales=[1, 2, 3, 4]
  [2136926898, 3042754002, 14707478898, 15453790002, 20153145202, 40416986898] fails (2136926898, 20153145202) T_square=False scales=[1, 2, 3]
  [107311250, 1307200850, 11373811250, 15661769375, 58771711250, 75933437234] fails (107311250, 75933437234) T_square=False scales=[1, 2, 3]
  [635061602, 978969023, 9707421602, 15685000898, 22226983202, 25205500898] fails (978969023, 25205500898) T_square=True scales=[1, 2, 3, 4]
  [689871088, 1956716937, 3904257312, 15760756512, 49656513312, 63966413088] fails (1956716937, 49656513312) T_square=True scales=[1, 2, 3]
  [362827922, 8070839303, 11684868722, 16216824722, 323637196178, 1408392520178] fails (8070839303, 1408392520178) T_square=False scales=[1]
  [43287602, 142353023, 1450534898, 16289041202, 59444898002, 120899710898] fails (43287602, 120899710898) T_square=True scales=[1, 2, 3]
  [329667058, 6494745042, 12405455442, 16799645583, 35673877458, 1258801185042] fails (6494745042, 1258801185042) T_square=True scales=[1, 2, 3]
  [2576272896, 10253366928, 13820017408, 16880629248, 38781863793, 201828987648] fails (13820017408, 201828987648) T_square=False scales=[1, 2, 3]
  [1992188528, 6586275872, 10304625353, 17156835872, 28382724128, 46811690528] fails (10304625353, 46811690528) T_square=False scales=[1, 2, 3, 4]
  [1196321183, 3242569442, 4900009058, 17496310658, 27130251842, 220696491842] fails (3242569442, 4900009058) T_square=False scales=[1]
  [144448544, 5301401072, 8990323232, 18292787744, 60659220512, 156900522977] fails (144448544, 18292787744) T_square=False scales=[1, 2]
  [2098125218, 4869115682, 7054432343, 18675331682, 101901674882, 388039526882] fails (4869115682, 388039526882) T_square=False scales=[1, 2]
  [170120498, 2969240402, 8757483698, 19461812498, 113942097527, 958995476402] fails (8757483698, 958995476402) T_square=True scales=[1, 2]
  [9791485634, 10721055650, 15047219975, 19466616866, 46672729250, 420704593250] fails (19466616866, 46672729250) T_square=True scales=[1]
  [62530146, 3734124543, 14256464098, 19584081666, 24775860258, 41414050818] fails (62530146, 19584081666) T_square=False scales=[1, 2, 3]
  [312139808, 8907700592, 12660159008, 20095411217, 43744191008, 306293698592] fails (20095411217, 306293698592) T_square=False scales=[1, 2, 3]
  [819938738, 5254785362, 9205277138, 20292441863, 30208883762, 139767563762] fails (819938738, 5254785362) T_square=True scales=[1, 2]
  [445017825, 2266371216, 5779718784, 20390461200, 30423715200, 54280566400] fails (2266371216, 20390461200) T_square=True scales=[1, 2, 3]
  [4888816578, 9841860322, 16220367522, 20563036578, 27164356578, 366924538647] fails (4888816578, 20563036578) T_square=True scales=[1]
  [4993015122, 5765860503, 9087655122, 20932065522, 22103436978, 182712547378] fails (4993015122, 20932065522) T_square=True scales=[1, 2]
  [755003592, 1390816737, 2842116984, 21736597192, 34104873672, 44757245304] fails (2842116984, 44757245304) T_square=True scales=[1, 2, 3, 4]
  [1363122425, 2187249800, 11892945800, 21955694600, 26261644424, 64139601800] fails (21955694600, 26261644424) T_square=False scales=[1, 2, 3]
  [37752687, 2483994402, 11920325922, 22253633122, 30980853954, 199913418594] fails (30980853954, 199913418594) T_square=True scales=[1, 2, 3, 4, 5]
  [659211858, 2404410642, 20321151858, 22261234167, 48842588242, 371867910642] fails (22261234167, 371867910642) T_square=True scales=[1, 2, 3]
  [670547903, 1164803378, 9820332722, 22561669778, 50960652722, 66045759122] fails (670547903, 22561669778) T_square=True scales=[1, 2]
  [461817650, 3837453650, 5734233575, 22760894450, 84441652274, 259444418450] fails (461817650, 3837453650) T_square=True scales=[1]
  [1472159250, 10735880850, 17585643250, 23442884775, 73648559250, 888912575154] fails (1472159250, 73648559250) T_square=False scales=[1]
  [1710121042, 2945211858, 4206873042, 23755655358, 29977439058, 2695176407358] fails (23755655358, 2695176407358) T_square=True scales=[1, 2, 3, 4, 5]
  [2099453938, 6238062162, 15983802738, 24044202162, 71084862738, 251313112863] fails (15983802738, 251313112863) T_square=False scales=[1, 2, 3]
  [2122460672, 3260989712, 11737421312, 24131908352, 69412925849, 209433381632] fails (24131908352, 209433381632) T_square=True scales=[1, 2, 3]
  [1004772402, 2164692402, 2939695623, 24662471698, 135745788402, 147906319698] fails (2164692402, 135745788402) T_square=True scales=[1, 2]
  [5659753842, 6716141167, 10518559794, 25041593682, 93251754162, 179727326514] fails (10518559794, 179727326514) T_square=False scales=[1, 2]
  [376331417, 981075232, 5659870832, 25053392672, 74807663392, 86006168864] fails (981075232, 74807663392) T_square=False scales=[1, 2]
  [3529156498, 11426910527, 12188480402, 25366083698, 59598004498, 227130116402] fails (3529156498, 59598004498) T_square=False scales=[1]
  [4489687168, 10280096793, 11669807232, 25730658432, 128137385232, 129946935168] fails (25730658432, 128137385232) T_square=True scales=[1, 2]
  [809094098, 4321762802, 5301454802, 25796104223, 35180790002, 47584746098] fails (4321762802, 35180790002) T_square=True scales=[1, 2, 3]
  [1184327218, 6245078418, 10859637807, 27386813682, 120498041682, 248521759218] fails (6245078418, 248521759218) T_square=False scales=[1, 2]
  [729502767, 1340292258, 4325280642, 27529115842, 58560312258, 83079010242] fails (4325280642, 83079010242) T_square=True scales=[1, 2, 3]
  [815056200, 3557194929, 22788964296, 27550240200, 56799344700, 333338307400, 3112362880200] fails (3557194929, 56799344700) T_square=False scales=[1]
  [3278057400, 15998488200, 21950499825, 28460077704, 53919448200, 60852440200] fails (28460077704, 53919448200) T_square=False scales=[1, 2, 3]
  [2378964464, 10130115872, 20483685152, 28654790432, 30994479392, 227981677217] fails (10130115872, 28654790432) T_square=False scales=[1]
  [369609138, 889930962, 11990049138, 28743281487, 70729462962, 98094554962] fails (369609138, 70729462962) T_square=False scales=[1, 2]
  [2833684722, 6483390903, 12480377778, 29877378322, 153616624722, 620871377778] fails (6483390903, 620871377778) T_square=True scales=[1, 2]
  [541567538, 6626086706, 26810961458, 30169592978, 42392758898, 200529063743] fails (26810961458, 200529063743) T_square=True scales=[1, 2, 3]
  [107121497, 8313693728, 10560669728, 30251410672, 79847792672, 3496744258672] fails (30251410672, 3496744258672) T_square=False scales=[1, 2, 3]
  [637824258, 6403063842, 9492598242, 30346976367, 35176224258, 48892458658] fails (9492598242, 30346976367) T_square=False scales=[1, 2, 3]
  [2816377538, 10576129538, 15741145538, 30962386562, 36439119362, 262367424062] fails (30962386562, 262367424062) T_square=False scales=[1, 2, 3]
  [4208592200, 6556922849, 12905280200, 31641043400, 44245983176, 212928768200] fails (12905280200, 44245983176) T_square=True scales=[1]
  [1216707458, 2281541858, 14263877783, 32145776258, 62286284546, 576757273058] fails (32145776258, 576757273058) T_square=True scales=[1, 2, 3]
  [500065442, 2949147458, 10916857058, 32647598783, 34986205442, 53685531842] fails (2949147458, 53685531842) T_square=True scales=[1, 2, 3]
  [5297539986, 13803358450, 28851282450, 33194545650, 74548264914, 195782059575] fails (13803358450, 74548264914) T_square=True scales=[1]
  [285042312, 1656946312, 21271070088, 33777351288, 85005581913, 134453874312] fails (285042312, 85005581913) T_square=True scales=[1, 2]
  [760028823, 1686361698, 23852874402, 34371850402, 370518565698, 625625159202] fails (760028823, 370518565698) T_square=True scales=[1]
  [13004267922, 22018234527, 28203920082, 34583409394, 182075187762, 511782966162] fails (182075187762, 511782966162) T_square=False scales=[1, 2, 3]
  [2064248578, 10432755522, 14939911422, 34749848322, 50452806978, 119016088578] fails (34749848322, 50452806978) T_square=False scales=[1, 2]
  [2560488642, 4941669583, 28208179458, 34870152258, 37077180642, 72667932642] fails (2560488642, 37077180642) T_square=False scales=[1, 2]
  [1305549200, 8618595200, 14252522624, 35045686400, 70293507200, 276692285825] fails (8618595200, 70293507200) T_square=False scales=[1]
  [2127653794, 8257179042, 27289398402, 36102762882, 64550510199, 233588422242] fails (2127653794, 64550510199) T_square=False scales=[1]
  [10894365216, 17926469073, 30301643808, 36120016368, 87555992608, 138540453408] fails (17926469073, 87555992608) T_square=False scales=[1, 2]
  [1400072850, 12878504199, 27164307250, 36225839826, 43905049650, 148438595250] fails (27164307250, 43905049650) T_square=False scales=[1, 2]
  [88731927, 7934590402, 33824332098, 36287293698, 43999928802, 184531873698] fails (7934590402, 43999928802) T_square=True scales=[1]
  [8010789602, 10609922498, 12597248423, 37486953602, 78247725602, 670652126498] fails (8010789602, 10609922498) T_square=True scales=[1]
  [671376672, 4372321689, 6927580912, 37841900832, 44371045152, 52778364192] fails (4372321689, 52778364192) T_square=True scales=[1, 2, 3]
  [8796154248, 21001510152, 24175142152, 38135002248, 437882201352, 799611628977] fails (21001510152, 437882201352) T_square=False scales=[1]
  [384741000, 5317925256, 12869024625, 38440020600, 64821945736, 76888139400] fails (5317925256, 64821945736) T_square=False scales=[1, 2]
  [2818329938, 3527385662, 8003078738, 38903817662, 80997710162, 119070633938] fails (3527385662, 38903817662) T_square=True scales=[1, 2]
  [6277140818, 12003521618, 13236155282, 38950962743, 202763843282, 444067087282] fails (6277140818, 444067087282) T_square=False scales=[1]
  [319373567, 727343042, 5123377058, 39081685442, 109490017058, 2160865815842] fails (727343042, 2160865815842) T_square=False scales=[1, 2]
  [13198166258, 18497938898, 22499401586, 39370693583, 85414162418, 2137171853138] fails (18497938898, 2137171853138) T_square=True scales=[1, 2]
  [2501756882, 5384926367, 16394044562, 39908702962, 273474054674, 1936047656242] fails (39908702962, 1936047656242) T_square=True scales=[1]
  [5255217032, 7645199368, 13276976657, 40549343368, 45091167368, 128914612232] fails (7645199368, 40549343368) T_square=True scales=[1, 2]
  [431282376, 2144077128, 12235769928, 40772845768, 44372059848, 99532086561] fails (431282376, 99532086561) T_square=False scales=[1, 2, 3]
  [8591156450, 12211136450, 31540952450, 41370928034, 54510336575, 276361959650] fails (8591156450, 54510336575) T_square=True scales=[1]
  [328440848, 14303848448, 23332151552, 41770391552, 96494594048, 889695874073] fails (96494594048, 889695874073) T_square=False scales=[1, 2, 3]
  [3175814754, 5441037175, 7066030050, 42364598850, 220835182050, 794805502050] fails (7066030050, 794805502050) T_square=False scales=[1]
  [1374279977, 2362230152, 4260474248, 42887568248, 85104649352, 95734614152] fails (2362230152, 95734614152) T_square=True scales=[1, 2]
  [435121682, 4702614002, 23859400007, 43021283762, 172755688562, 1805615961554] fails (4702614002, 1805615961554) T_square=False scales=[1, 2]
  [5895817202, 14884846823, 35150132402, 44266743698, 1882249496402, 2262832995698] fails (1882249496402, 2262832995698) T_square=False scales=[1, 2, 3]
  [2078349602, 27955233602, 37749835298, 44510714423, 109345425602, 159196178498] fails (27955233602, 109345425602) T_square=False scales=[1, 2]
  [116761842, 24705240658, 26527271058, 44521631442, 347216660658, 4463019239967] fails (116761842, 4463019239967) T_square=False scales=[1]
  [3262581792, 5324591097, 10799583264, 44556611184, 57999608352, 75716403232] fails (10799583264, 44556611184) T_square=True scales=[1, 2]
  [2922475327, 4097450898, 7072925202, 44870042898, 69989945202, 214954630002] fails (2922475327, 214954630002) T_square=False scales=[1, 2]
  [974515522, 3491332407, 7686020322, 45589082274, 54814979682, 73763202402] fails (7686020322, 73763202402) T_square=True scales=[1, 2, 3]
  [424571058, 2497371967, 11770213842, 46011369042, 106861811058, 147607991442] fails (2497371967, 147607991442) T_square=True scales=[1, 2]
  [3014726450, 6118898450, 20642789650, 46043093650, 65402045906, 81523743575] fails (20642789650, 46043093650) T_square=True scales=[1, 2]
  [5440900896, 15628025200, 16779175200, 46422784800, 91972375425, 123486055200] fails (5440900896, 15628025200) T_square=False scales=[1]
  [515951207, 14740498082, 23734324418, 46540504418, 111391024418, 3830223598082] fails (515951207, 3830223598082) T_square=True scales=[1, 2]
  [2295788832, 7937556768, 20326777632, 49305876768, 75219123393, 2258541228832] fails (7937556768, 2258541228832) T_square=True scales=[1, 2]
  [2179429938, 24002579538, 30123442962, 49315979538, 174555889263, 230366342962] fails (2179429938, 24002579538) T_square=False scales=[1]
  [2485159058, 5461850258, 45091175342, 50118098258, 140187239342, 429729045842] fails (45091175342, 140187239342) T_square=True scales=[1]
  [2953958728, 10908748872, 33292108728, 52299244872, 109421841897, 939692851272] fails (52299244872, 109421841897) T_square=True scales=[1]
  [6805534050, 15200408286, 47628022050, 54842390050, 126361072350, 307814494050] fails (15200408286, 126361072350) T_square=False scales=[1]
  [3825728200, 4711107825, 23326720200, 55299683016, 57515691384, 182262976200] fails (3825728200, 55299683016) T_square=False scales=[1]
  [2093770098, 3701245527, 8032626802, 56533166802, 120396430098, 1314122395698] fails (2093770098, 1314122395698) T_square=False scales=[1, 2]
  [14768736887, 21832692338, 34407430162, 56693918738, 84100632338, 4087909870162] fails (34407430162, 4087909870162) T_square=True scales=[1, 2]
  [6382303650, 9838775394, 11327982750, 57106577250, 100013698206, 281396298850] fails (11327982750, 100013698206) T_square=True scales=[1]
  [11600367282, 38404195407, 50027695218, 57290133618, 110604928882, 352189555218] fails (11600367282, 110604928882) T_square=True scales=[1]
  [2994958082, 4174050818, 25585649282, 58191022082, 113084938943, 1044004674818] fails (58191022082, 1044004674818) T_square=True scales=[1, 2]
  [11193638913, 18167526288, 27637034112, 59270005888, 181394805888, 314784554112] fails (11193638913, 59270005888) T_square=False scales=[1]
  [327914568, 3052345032, 36365786568, 61531236657, 121068581832, 160276794568] fails (327914568, 160276794568) T_square=True scales=[1, 2]
  [6609923208, 13926113208, 51712326792, 63202285192, 227642204808, 748333842417] fails (51712326792, 63202285192) T_square=False scales=[1]
  [80050688, 23983714937, 56147740688, 63222509312, 126246169088, 661012531088] fails (56147740688, 661012531088) T_square=False scales=[1, 2]
  [5737148432, 20087341568, 35759800832, 64096199168, 130208440832, 235967824793] fails (20087341568, 235967824793) T_square=True scales=[1, 2]
  [31048506783, 39303220338, 47543690866, 65125287378, 325457213778, 175218864256818] fails (39303220338, 175218864256818) T_square=True scales=[1]
  [8554256928, 17179998633, 59648199408, 65268806688, 129169859616, 43051604719648] fails (17179998633, 43051604719648) T_square=True scales=[1]
  [6095769632, 16623160352, 45923348297, 65415547424, 109890792992, 184988615792] fails (45923348297, 65415547424) T_square=True scales=[1]
  [5066950688, 8250209312, 9983431712, 68036230688, 176791798913, 309205409312] fails (8250209312, 176791798913) T_square=True scales=[1]
  [17360199200, 29694087200, 49762247200, 68991737249, 88889722400, 2834266433776] fails (49762247200, 2834266433776) T_square=True scales=[1, 2]
  [17560470050, 33753105575, 50273732450, 69753870050, 137910442754, 149597852450] fails (33753105575, 50273732450) T_square=False scales=[1]
  [2728736658, 4649386158, 12333916242, 69822840658, 73795420242, 75917856942] fails (4649386158, 75917856942) T_square=True scales=[1, 2]
  [4275154450, 4755546450, 9081270450, 69986545650, 85631869575, 149751266994] fails (4755546450, 149751266994) T_square=False scales=[1, 2]
  [4766412672, 13072662297, 18240409728, 70792601728, 674176627728, 13886305644672] fails (4766412672, 13886305644672) T_square=False scales=[1]
  [5876329714, 16210682975, 33940680050, 71106612050, 114215028050, 2022673448050] fails (5876329714, 2022673448050) T_square=True scales=[1, 2]
  [2402716337, 6650235272, 22979190152, 71778887432, 153948724232, 187039535132] fails (2402716337, 187039535132) T_square=False scales=[1]
  [390546928, 1919216672, 17389275353, 71895152672, 225915165728, 393485314672] fails (390546928, 393485314672) T_square=True scales=[1]
  [667476306, 9749992050, 55829535175, 72452632050, 117164070450, 164765070450] fails (667476306, 72452632050) T_square=True scales=[1]
  [636771618, 2426850882, 31407808482, 72571353282, 121090251618, 124682768407] fails (2426850882, 124682768407) T_square=True scales=[1, 2]
  [60811922, 5752030642, 17205673682, 73624833479, 88446628082, 103802297362] fails (5752030642, 103802297362) T_square=True scales=[1, 2]
  [2490683346, 19173035250, 49727964850, 75244890375, 226844948754, 712313737650] fails (2490683346, 712313737650) T_square=True scales=[1]
  [6596012642, 9552805442, 14847196583, 77839561442, 137113215458, 374984456642] fails (9552805442, 374984456642) T_square=False scales=[1, 2]
  [685906722, 8344794178, 28201174722, 78050050722, 96414885378, 127417240503] fails (685906722, 78050050722) T_square=True scales=[1]
  [5596085250, 27298991650, 38598465375, 78683810850, 177216599106, 2122355477250] fails (38598465375, 2122355477250) T_square=False scales=[1]
  [696761282, 2902038818, 4307669282, 79635803618, 128729057282, 540550371743] fails (2902038818, 540550371743) T_square=True scales=[1, 2]
  [9139210000, 22793586064, 46568590625, 80178089600, 100753040000, 400148529536] fails (9139210000, 22793586064) T_square=False scales=[1]
  [27182054642, 39046967858, 40065845042, 80219654642, 292551647858, 7185786321167] fails (40065845042, 7185786321167) T_square=True scales=[1]
  [490868672, 29123411072, 72876979553, 81026233472, 97327948928, 147182521472] fails (490868672, 147182521472) T_square=False scales=[1]
  [303566823, 10506402018, 35300726658, 83201827906, 180807109218, 390447693378] fails (10506402018, 390447693378) T_square=True scales=[1]
  [910449792, 7863993792, 18098238592, 83500136433, 194312135808, 235635599808] fails (7863993792, 235635599808) T_square=True scales=[1]
  [7602481250, 27235741250, 38592423650, 84731456975, 141973081250, 374962035074] fails (27235741250, 374962035074) T_square=True scales=[1]
  [3138641618, 14872608818, 70970531282, 84850715282, 130616998943, 677700875282] fails (3138641618, 130616998943) T_square=True scales=[1]
  [10355169167, 30019705058, 50630615042, 85611577058, 190570203842, 893589709058] fails (10355169167, 893589709058) T_square=False scales=[1]
  [1042704594, 6498133650, 13443825006, 86655010450, 325727298450, 427835587950] fails (13443825006, 427835587950) T_square=True scales=[1]
  [664208738, 9191118338, 19862084162, 88527016463, 385883984162, 471373493762] fails (9191118338, 471373493762) T_square=True scales=[1]
  [25397519648, 33923953952, 68189526752, 89463146273, 300113807648, 595483441952] fails (68189526752, 595483441952) T_square=True scales=[1]
  [6359777858, 33728670983, 75581574658, 91102818242, 349822398242, 7669144243042] fails (75581574658, 7669144243042) T_square=True scales=[1]
  [7555080968, 27706247432, 41620642568, 91531367432, 117226242568, 185741438057] fails (27706247432, 185741438057) T_square=False scales=[1]
  [19039382658, 28069583458, 50495142978, 92293616898, 154534508226, 11535935963463] fails (50495142978, 11535935963463) T_square=True scales=[1]
  [2282256928, 5013636128, 14269852097, 92695120928, 128784298528, 198170941472] fails (2282256928, 128784298528) T_square=True scales=[1]
  [1504157192, 25598221192, 53824291208, 93955214033, 136603213192, 404239363208] fails (25598221192, 136603213192) T_square=True scales=[1]
  [18358588754, 26386352146, 77306664050, 95009648050, 164570412050, 427567532975] fails (26386352146, 95009648050) T_square=True scales=[1]
  [29123411072, 72876979553, 81026233472, 97327948928, 147182521472, 316867267472] fails (29123411072, 316867267472) T_square=False scales=[1]
  [17112372498, 32892590623, 53840604402, 98807448402, 256406167602, 499293708498] fails (17112372498, 32892590623) T_square=True scales=[1]
  [6486405282, 14278981122, 66855983842, 99422835687, 125165008962, 531703095714] fails (99422835687, 531703095714) T_square=True scales=[1, 2]
  [4467906450, 13882046994, 20328894450, 99712566450, 295211698450, 705498427575] fails (99712566450, 705498427575) T_square=True scales=[1]
  [2746494002, 6843790898, 68924827223, 101904462002, 126407490398, 230436258098] fails (68924827223, 126407490398) T_square=False scales=[1]
  [8271419912, 76114182152, 91602276872, 102638893112, 205723639304, 2388054252137] fails (91602276872, 2388054252137) T_square=True scales=[1]
  [810198792, 3073832892, 25803481977, 103474877832, 151861297032, 273133174024] fails (3073832892, 25803481977) T_square=False scales=[1]
  [2275518578, 5089382183, 51846781586, 105141921938, 200319892658, 1106984211218] fails (51846781586, 1106984211218) T_square=True scales=[1]
  [4171305600, 13485788800, 46372726800, 107799238800, 173359460736, 181714705425] fails (46372726800, 107799238800) T_square=True scales=[1]
  [12977418402, 89411061922, 103220392482, 107934561774, 183237915042, 899269155054] fails (107934561774, 899269155054) T_square=False scales=[1]
  [11949061698, 60492660802, 88736574402, 108346149198, 181765355202, 713903819202] fails (60492660802, 181765355202) T_square=False scales=[1]
  [28137694050, 43898181975, 59531594050, 109644322050, 350552388834, 480502282050] fails (59531594050, 480502282050) T_square=True scales=[1]
  [1753715138, 4574328263, 21603293762, 109862412962, 329550132962, 562586787938] fails (21603293762, 562586787938) T_square=True scales=[1]
  [21434204898, 25468360002, 65056202127, 109889408098, 141402256002, 635939732898] fails (21434204898, 65056202127) T_square=True scales=[1]
  [5259609362, 34110093362, 37410316127, 114073329554, 117505133522, 322984592114] fails (114073329554, 322984592114) T_square=True scales=[1, 2]
  [3258484418, 24029251682, 43496928482, 115676142743, 147358468418, 684695640482] fails (24029251682, 115676142743) T_square=True scales=[1]
  [813088802, 5873244098, 51002328098, 116267220098, 232671084002, 1039132040927] fails (232671084002, 1039132040927) T_square=False scales=[1, 2]
  [1647801608, 16416633608, 87457433417, 117115142792, 357368870792, 1405887667208] fails (357368870792, 1405887667208) T_square=False scales=[1, 2]
  [896930658, 1460657367, 17417278242, 117264381858, 286297238367, 342210817858] fails (1460657367, 286297238367) T_square=False scales=[1]
  [1502326728, 21203341128, 86315068872, 117909386872, 173005216353, 276585148872] fails (21203341128, 117909386872) T_square=False scales=[1]
  [40984347152, 56078432249, 81339316352, 118462531712, 189926655872, 294400260224] fails (56078432249, 294400260224) T_square=False scales=[1]
  [1072559138, 2895180962, 22110548462, 121630524962, 224242847138, 322951707938] fails (1072559138, 322951707938) T_square=False scales=[1]
  [17127930568, 31023788657, 56832135368, 123830266568, 198843719368, 342440199032] fails (17127930568, 198843719368) T_square=False scales=[1]
  [8571349586, 26737315250, 95932143314, 125078117975, 250096507250, 262459257650] fails (95932143314, 125078117975) T_square=True scales=[1]
  [2142306338, 69132810338, 115157093762, 125325258338, 775446569762, 862999510562] fails (125325258338, 862999510562) T_square=False scales=[1]
  [6170166738, 25540182738, 37014829362, 129924421362, 210705391863, 398872978162] fails (129924421362, 398872978162) T_square=True scales=[1]
  [5124688146, 27501424983, 47196384498, 131389304338, 202849617618, 433293809778] fails (5124688146, 433293809778) T_square=True scales=[1]
  [13161967632, 23363357824, 72923352777, 132832328832, 591518454912, 10617906955392] fails (72923352777, 10617906955392) T_square=True scales=[1]
  [9756322578, 19231804503, 62855602578, 134271517522, 507909537522, 786103929522] fails (507909537522, 786103929522) T_square=True scales=[1, 2]
  [15822328082, 62051039282, 67956079943, 136410300818, 304228104818, 762881555282] fails (67956079943, 762881555282) T_square=True scales=[1]
  [14922805842, 91437971058, 115567919383, 141242845842, 404242799058, 512283882258] fails (91437971058, 512283882258) T_square=False scales=[1]
  [18418410578, 32553682322, 62163766322, 142807930322, 159785576903, 244785474578] fails (18418410578, 159785576903) T_square=False scales=[1]
  [30070040904, 43018000200, 85633342200, 145112387400, 372078718200, 495231658825] fails (85633342200, 372078718200) T_square=False scales=[1]
  [18378502226, 59142535250, 84999180350, 146111767250, 188182657874, 222112676975] fails (84999180350, 222112676975) T_square=False scales=[1]
  [6876774738, 12828365887, 43842769362, 146296833138, 574453227762, 733710834738] fails (146296833138, 733710834738) T_square=True scales=[1]
  [6463904994, 9693047106, 101752092450, 146700310050, 528572752450, 1659030940575] fails (6463904994, 1659030940575) T_square=False scales=[1]
  [7663947858, 44192905983, 53666574642, 149033274642, 209348547858, 2124549296242] fails (149033274642, 2124549296242) T_square=False scales=[1]
  [1424573586, 5580112050, 65756956050, 149270008050, 468596733975, 1005969042514] fails (149270008050, 1005969042514) T_square=True scales=[1]
  [77650449458, 121185278642, 130897039442, 151962064583, 439698883442, 2601941757458] fails (151962064583, 2601941757458) T_square=True scales=[1]
  [1887748832, 20497497857, 82816532768, 152253292832, 295093652768, 1144138449632] fails (1887748832, 1144138449632) T_square=False scales=[1]
  [87018803298, 97377580098, 143370636823, 153954188802, 299106728802, 471268115298] fails (143370636823, 299106728802) T_square=False scales=[1]
  [13412290248, 78782530248, 145836593352, 157078248777, 526812709752, 1534422284152] fails (526812709752, 1534422284152) T_square=True scales=[1]
  [14472003042, 24257056167, 35413219458, 157794499458, 542864899458, 596379661858] fails (157794499458, 596379661858) T_square=False scales=[1]
  [1653054200, 11877288200, 144637896200, 159200080025, 313328303624, 832573435400] fails (159200080025, 832573435400) T_square=True scales=[1]
  [20694479472, 47645936928, 86782619097, 160457904928, 287317200672, 448229168928] fails (86782619097, 160457904928) T_square=True scales=[1]
  [1944700178, 14729856722, 19286412503, 161728948178, 210456456722, 261460332722] fails (19286412503, 261460332722) T_square=True scales=[1]
  [1039316418, 3974173218, 20215407682, 163649744343, 202623347682, 619920443682] fails (20215407682, 619920443682) T_square=True scales=[1]
  [11603302432, 17846003232, 71363739168, 166424154057, 191559078432, 329522781168] fails (11603302432, 191559078432) T_square=False scales=[1]
  [670131464, 53051373377, 62594191112, 166934953352, 258863057672, 791294594312] fails (62594191112, 791294594312) T_square=True scales=[1]
  [5940569657, 15608202368, 61720284032, 167452554368, 305830903568, 452357244032] fails (5940569657, 452357244032) T_square=True scales=[1]
  [2187161433, 30122541568, 125589775248, 169350455808, 448143757056, 1096328544768] fails (125589775248, 1096328544768) T_square=True scales=[1]
  [22842434097, 31192892928, 43399456528, 169582793472, 211970496528, 661723504128] fails (43399456528, 211970496528) T_square=True scales=[1]
  [11211782688, 130359804912, 148487558688, 172294214688, 278463603537, 4698643065712] fails (130359804912, 4698643065712) T_square=True scales=[1]
  [7449274098, 11919014802, 64904194098, 178786128402, 188361400927, 626005870002] fails (7449274098, 626005870002) T_square=False scales=[1]
  [938406402, 13413154402, 97362654498, 183128334498, 223072590402, 468910150623] fails (183128334498, 223072590402) T_square=False scales=[1]
  [26168403906, 42558413058, 65121384258, 184804621218, 251047535263, 716734234818] fails (42558413058, 251047535263) T_square=True scales=[1]
  [1409925512, 10379690888, 24941752712, 191153066888, 275957670137, 437416828088] fails (24941752712, 437416828088) T_square=True scales=[1]
  [7592276898, 19366079202, 70687928898, 192511852002, 398852224002, 515265425023] fails (70687928898, 515265425023) T_square=True scales=[1]
  [12999890632, 32719101768, 93132717768, 193874986593, 440322226632, 5726416930632] fails (93132717768, 5726416930632) T_square=True scales=[1]
  [12955447458, 82558927458, 108838572642, 195117375042, 266942687458, 412585504767] fails (82558927458, 266942687458) T_square=False scales=[1]
  [1745760200, 15055584200, 155529936200, 196047907400, 642310245761, 1466374195400] fails (196047907400, 1466374195400) T_square=True scales=[1]
  [7063585298, 42003094802, 156665897927, 198067506098, 412340307698, 900173614802] fails (42003094802, 900173614802) T_square=False scales=[1]
  [22659224114, 38729262175, 60203004050, 201787418450, 204147218450, 415772804050] fails (38729262175, 415772804050) T_square=False scales=[1]
  [6654474450, 83447554450, 134089800831, 212173009650, 274940254575, 372271950450] fails (134089800831, 274940254575) T_square=False scales=[1]
  [11629510432, 59495112432, 160754886432, 212175175968, 503657576793, 643531225968] fails (59495112432, 643531225968) T_square=True scales=[1]
  [2641889138, 126648695762, 145449161138, 222138402962, 574494603887, 1511060177138] fails (145449161138, 1511060177138) T_square=True scales=[1]
  [16720638152, 23111538248, 134660273777, 223320565448, 326145822152, 451108002248] fails (23111538248, 223320565448) T_square=True scales=[1]
  [8140439808, 22313649313, 88814573568, 223782709248, 750409978896, 1420161813648] fails (750409978896, 1420161813648) T_square=True scales=[1]
  [549727200, 10706421825, 38464423200, 230187052656, 358586791200, 462176730400] fails (549727200, 230187052656) T_square=False scales=[1]
  [5109588752, 11855994752, 28038075473, 230522987648, 415764378752, 450326430848] fails (11855994752, 415764378752) T_square=True scales=[1]
  [9677060642, 33217491458, 97761356642, 230922999458, 454295073383, 4142633888642] fails (230922999458, 4142633888642) T_square=True scales=[1]
  [17800877682, 23076279079, 28098756882, 231897213522, 263631494322, 345395787282] fails (28098756882, 263631494322) T_square=True scales=[1]
  [6388203609, 29551993632, 110857089312, 232829628192, 824719342192, 1436659006752] fails (232829628192, 1436659006752) T_square=True scales=[1]
  [13437819936, 44135303200, 146117689200, 232919546400, 465867777825, 669565253664] fails (146117689200, 669565253664) T_square=False scales=[1]
  [6446456200, 31664392200, 83541544200, 234991141569, 281617608456, 1266704699400] fails (83541544200, 1266704699400) T_square=True scales=[1]
  [2679559218, 18867744882, 146571309682, 235995680718, 325065240882, 574093856718] fails (235995680718, 574093856718) T_square=True scales=[1]
  [12429032562, 17840703762, 55263559122, 243527678802, 381580768242, 453648892039] fails (12429032562, 243527678802) T_square=True scales=[1]
  [24881172608, 74785317392, 92028113792, 244371886208, 349760753792, 653992761833] fails (24881172608, 653992761833) T_square=True scales=[1]
  [43280987778, 105151985122, 143918879778, 245120233122, 433916744247, 1006839354978] fails (43280987778, 1006839354978) T_square=True scales=[1]
  [34598164274, 44372952050, 185345952050, 247848378575, 404862110450, 806172110450] fails (34598164274, 806172110450) T_square=True scales=[1]
  [1975231728, 22542064672, 138094567353, 253166941728, 674202058272, 14843787888672] fails (138094567353, 14843787888672) T_square=False scales=[1]
  [50495178258, 95164597458, 137921586642, 258052853583, 384405502642, 1255474511442] fails (50495178258, 1255474511442) T_square=True scales=[1]
  [1364378450, 17948282450, 141156971950, 258317589650, 401010170450, 1900254557614] fails (141156971950, 1900254557614) T_square=True scales=[1]
  [56018018898, 65932398898, 124870577202, 260006971023, 531550222002, 698326342002] fails (65932398898, 698326342002) T_square=False scales=[1]
  [7021103282, 166638622343, 188316377618, 263410097618, 384051524882, 22127576183282] fails (263410097618, 22127576183282) T_square=True scales=[1]
  [8158111202, 29125636898, 116158071023, 266625432002, 519792355202, 4783694229698] fails (266625432002, 4783694229698) T_square=True scales=[1]
  [479870738, 4688445143, 40128021458, 266980800818, 381594936146, 989557069298] fails (4688445143, 989557069298) T_square=False scales=[1]
  [7927632050, 121104192050, 219496440050, 278452538975, 693441768434, 2626168908050] fails (693441768434, 2626168908050) T_square=True scales=[1]
  [780523592, 18120226808, 34724587592, 287711999633, 458388340808, 2947555729592] fails (18120226808, 2947555729592) T_square=False scales=[1]
  [248606962, 73364850162, 185680521063, 289860742962, 601973953938, 2125894489938] fails (185680521063, 2125894489938) T_square=True scales=[1]
  [142938882, 49053188322, 303191435682, 312948787234, 412834233807, 1284847074594] fails (312948787234, 1284847074594) T_square=True scales=[1]
  [5551431650, 52520892674, 126416567426, 315178237250, 405682193975, 783649825250] fails (52520892674, 783649825250) T_square=True scales=[1]
  [1999783697, 32090299528, 67187627528, 338688395528, 446413928072, 567836481928] fails (32090299528, 567836481928) T_square=True scales=[1]
  [80476154978, 113886674978, 244195885022, 343541004578, 404009447522, 17698564755422] fails (244195885022, 17698564755422) T_square=True scales=[1]
  [51525558784, 71187333632, 113015005712, 344951194112, 442087476992, 1733221884457] fails (51525558784, 1733221884457) T_square=True scales=[1]
  [34647845218, 85579395426, 198101473263, 357521177538, 472133831778, 4933463268258] fails (198101473263, 4933463268258) T_square=True scales=[1]
  [687476808, 29056354488, 43558804296, 374341384008, 646100024553, 7576978118728] fails (374341384008, 7576978118728) T_square=True scales=[1]
  [34552421442, 178309855458, 298382348583, 437045671458, 763929220642, 1634510032642] fails (763929220642, 1634510032642) T_square=False scales=[1]
  [43249677192, 101627997192, 261706086792, 471269612808, 594520268833, 1483704812808] fails (594520268833, 1483704812808) T_square=True scales=[1]
  [22480540418, 118740590018, 169141020098, 475244065598, 497946076418, 2761638630206] fails (475244065598, 2761638630206) T_square=True scales=[1]
  [33934031856, 44988756768, 84421232928, 477994770208, 954553295673, 7049477883168] fails (954553295673, 7049477883168) T_square=True scales=[1]
  [21117705282, 74681210914, 143992864962, 480702937167, 716148378882, 1896270845922] fails (480702937167, 1896270845922) T_square=True scales=[1]
  [57531031048, 107451161352, 205535378952, 511831271673, 1064034690552, 8613939078648] fails (1064034690552, 8613939078648) T_square=True scales=[1]
  [17162697248, 48557752352, 183523383152, 524733513248, 629034633248, 672791805977] fails (629034633248, 672791805977) T_square=True scales=[1]
  [5244777378, 42152866722, 262319337378, 684927369378, 1285614768222, 1993924989022] fails (1285614768222, 1993924989022) T_square=True scales=[1]
pseudo-solutions with square total: 269/427
expected number of 6-sets among them: naive 0.003, local-density model 0.299
